33,117
33,116
33,115
33,114
33,2
50,35
33,31
33,30
33,29
33,28
33,27
33,26
33,25
33,19
33,18
33,17
33,13
33,12
33,11
33,16
33,15
10,288
10,82
10,196
10,26
10,184
10,234
10,268
10,78
11,20
11,25
11,8
11,28
11,22
11,26
11,2
11,3
9,6
9,4
8,12
8,11
8,6
8,16
8,9
12,2
12,1
12,3
35,7
35,6
35,5
35,4
35,3
35,1
34,4
34,3
34,1
33,113
33,112
33,111
33,110
33,109
33,108
33,107
33,106
33,105
33,104
33,103
33,102
33,101
33,100
33,99
33,98
33,97
33,96
33,95
33,94
33,93
33,92
33,91
33,90
33,89
33,88
33,87
33,86
33,85
33,84
33,83
33,82
33,81
33,80
33,79
33,78
33,77
33,76
33,75
33,74
33,73
33,72
33,71
33,70
33,69
33,68
33,67
33,66
33,65
33,64
33,37
33,36
33,35
33,34
33,33
33,32
33,24
33,23
33,22
33,21
33,20
33,10
33,7
20,2
20,1
20,3
33,6
33,5
33,1
33,4
19,2
